0
1
2
3
4
5
6
7
8
9
10
11
12
13
14
15
16
17
18
19
20
21
22
23
24
25
26
27
28
29
30
31
32
33
34
35
36
37
38
39
40
41
42
43
44
45
46
47
48
49
50
51
52
53
54
55
56
57
58
59
60
61
62
63
64
65
66
67
68
69
70
71
72
73
74
75
76
77
78
79
80
81
82
83
84
85
86
87
88
89
90
91
92
93
94
95
96
97
98
99
100
101
102
103
104
105
106
107
108
109
110
111
112
113
114
115
116
117
118
119
120
121
122
123
124
125
126
127
128
131
132
133
134
135
136
137
138
139
147
149
150
151
152
155
156
160
161
162
163
164
166
168
169
170
181
184
185
186
187
188
189
192
193
194
195
196
197
198
199
200
202
205
212
213
215
216
217
218
220
221
223
224
225
226
227
228
229
230
231
232
234
235
245
246
247
248
249
250
254
256
257
258
259
261
262
264
265
266
267
268
272
274
277
282
284
285
286
287
289
291
292
293
294
295
298
307
309
312
313
314
315
316
317
318
322
330
334
341
342
354
355
356
357
361
362
373
380
381
384
385
390
394
405
416
419
420
424
426
437
452
453
454
456
458
469
480
481
482
483
484
485
486
487
488
489
490
501
502
503
504
505
506
507
508
509
510
511
512
513
514
515
516
517
518
519
520
521
522
533
534
535
536
537
538
539
540
541
542
543
544
545
549
550
551
552
553
554
565
566
567
571
572
573
574
576
577
578
580
581
583
584
585
586
597
598
599
600
601
602
603
604
605
606
607
608
610
611
612
613
618
623
629
630
631
632
634
635
636
637
638
642
650
653
661
666
667
668
669
670
672
673
677
678
679
680
681
682
693
694
695
696
697
698
699
701
705
706
709
710
711
712
713
714
717
725
728
729
730
731
732
733
734
738
739
740
741
742
743
744
745
746
747
749
757
758
761
762
764
765
766
767
769
770
772
774
776
777
778
782
783
785
787
788
789
790
791
792
793
794
796
797
798
799
800
801
805
807
808
809
810
814
815
821
824
825
826
829
830
831
832
833
837
838
840
841
842
845
846
847
848
853
854
855
856
857
858
859
860
862
863
864
868
869
872
874
882
884
885
887
888
891
892
895
896
897
898
899
900
902
903
904
906
908
909
910
911
912
913
915
916
917
918
919
924
926
929
938
939
940
943
946
947
948
949
950
951
953
955
956
957
958
959
960
962
963
964
965
966
967
968
970
971
975
976
977
978
979
981
982
983
984
985
990
991
992
996
998
999
1000
1001
1002
1003
1006
1007
1009
1010
1011
1013
1014
1015
1016
1019
1020
1021
1022
1023
0
7
8
9
10
11
12
16
17
18
19
22
23
24
25
26
27
28
29
30
31
35
36
37
38
39
40
41
43
47
48
49
50
51
52
53
54
56
57
58
59
60
61
62
63
70
76
80
81
82
83
85
89
90
91
95
100
101
103
113
114
119
120
121
122
123
134
136
143
144
145
146
147
148
149
150
151
152
153
154
155
156
157
158
159
160
168
169
170
172
175
176
177
178
179
180
181
182
183
184
185
186
187
188
189
190
191
196
197
198
200
201
202
203
207
208
209
210
211
215
216
217
218
219
222
223
224
231
232
240
241
245
246
253
254
255
257
259
260
261
263
264
265
266
267
268
275
276
277
278
282
283
284
285
286
287
293
308
313
318
319
324
325
326
327
330
338
339
341
343
345
346
347
348
349
350
351
360
368
369
370
374
375
378
379
380
381
382
387
389
397
400
401
402
404
405
406
408
415
418
422
423
424
434
436
439
441
442
446
457
464
465
470
473
476
478
479
480
481
482
483
486
487
489
492
496
503
504
505
506
507
508
509
511
513
517
519
527
529
530
534
536
537
538
540
543
557
558
561
562
564
567
570
571
573
593
595
597
599
602
603
606
607
613
615
616
617
618
628
631
637
639
643
645
646
649
650
658
659
660
662
663
664
665
666
667
668
670
677
678
682
683
690
691
692
695
696
703
705
707
708
709
710
714
715
717
719
720
721
722
723
725
726
727
728
729
730
732
733
734
735
736
737
738
739
740
742
743
744
745
746
747
749
751
752
753
754
756
758
759
761
762
763
764
765
766
767
768
769
774
775
776
778
779
782
785
786
788
791
792
793
795
796
798
799
800
802
803
805
807
808
810
811
813
815
817
818
821
822
823
824
827
828
829
830
832
833
836
837
838
839
840
841
842
843
846
848
849
851
855
856
857
858
859
860
864
865
866
867
869
870
871
873
874
875
876
878
880
882
883
884
886
890
891
893
896
900
901
902
903
905
907
909
910
911
913
916
917
918
920
921
922
923
924
929
930
931
932
933
934
935
936
937
938
939
941
943
944
945
947
948
949
950
951
952
954
955
956
957
964
967
968
969
970
971
972
973
976
978
981
984
987
988
994
998
999
1004
1005
1007
1011
1012
1016
1022
1023
