0
1
2
3
4
5
6
7
8
9
10
11
12
13
14
15
16
17
18
19
20
21
22
23
24
25
26
27
28
29
30
31
32
33
34
35
36
37
38
39
40
41
42
43
44
45
46
47
48
49
50
51
52
53
54
55
56
57
58
59
60
61
62
63
64
65
66
67
68
69
70
71
72
73
74
75
76
77
78
79
80
81
82
83
84
85
86
87
88
89
90
91
92
93
94
95
96
97
98
99
100
101
102
103
104
105
106
107
108
109
110
111
112
113
114
115
116
117
118
119
120
121
122
123
124
125
126
127
138
149
155
156
163
170
181
186
202
213
220
221
228
234
238
245
249
250
259
266
277
287
290
292
298
309
314
315
330
341
362
373
394
405
426
437
458
469
480
481
482
483
484
485
486
487
488
489
490
501
502
503
504
505
506
507
508
509
510
511
512
513
514
515
516
517
518
519
520
521
522
533
534
535
536
537
538
539
540
541
542
543
554
565
586
597
618
629
650
661
682
693
714
725
746
757
778
789
810
821
842
853
874
885
906
917
938
949
970
981
1002
1013
1023
